ma mchi expm2 expm1 exp expp1 expp2 obs
10       
50 0.1 0.09411782677924517 0.12555739965214135 0.17457500847633736 0.24488715228153649 0.32865904932944523 0.056852390562489606
100 0.1 0.12332324085456901 0.1644643544838124 0.22872857577328748 0.319919705983119 0.4299296424272515 0.07537532497036564
150 0.1 0.14190821546858523 0.1892441023382745 0.26313184171680204 0.36705201352105676 0.49394401277677846 0.09457232859889599
200 0.1 0.20387231949294077 0.27203414260160813 0.3782112553600871 0.5289439226543665 0.7109472314347813 0.1349951549123683
250 0.1 0.2548937548921781 0.34009084653909455 0.47291859293130467 0.6633415661912547 0.8903345191405829 0.17109170334240412
300 0.1 0.3598119226894926 0.4799187289914403 0.6673504343381715 0.9307514744076417 1.2526295793573998 0.24956994298474136
350 0.1 0.4445731231610087 0.5930587786104113 0.824723898455081 1.1502728057399814 1.5480022399794524 0.3076756339437686
400 0.1 0.5824009267904188 0.7769073815652218 1.0803089816948672 1.506637034423957 2.0276255729843804 0.39745202912425753
450       
500 0.1 0.9267495957510014 1.2363240267882594 1.7192877709694332 2.3977462387351807 3.2158437947756235 0.6737215940998921
10       
50 1.0 0.0937 0.125 0.1738 0.2438 0.3272 0.056600000000000004
100 1.0 0.1232 0.16430000000000003 0.2285 0.3196 0.4295 0.0753
150 1.0 0.1427 0.1903 0.2646 0.3691 0.4967 0.0951
200 1.0 0.1995 0.2662 0.3701 0.5176 0.6957 0.1321
250 1.0 0.2558 0.3413 0.4746000000000001 0.6657 0.8935 0.1717
300 1.0 0.3538 0.4719 0.6562000000000001 0.9152 1.2317 0.2454
350 1.0 0.4527 0.6039 0.8398 1.1713 1.5763 0.3133
400 1.0 0.5728 0.7641 1.0625 1.4818 1.9942 0.3909
450       
500 1.0 0.9391 1.2528 1.7422 2.4297 3.2587 0.6827
10       
50 10.0 0.09673221718052129 0.1290451136346335 0.17942432599759445 0.2516895896329892 0.33778848945001666 0.05843162745376205
100 10.0 0.12452264403999545 0.16606388324489654 0.23095311820729675 0.32303114476609207 0.4341110033699516 0.07610840175496475
150 10.0 0.14281793462045028 0.19045727370898172 0.2648186790509541 0.36940504322640644 0.49711049843011673 0.09517859553191887
200 10.0 0.20093776771584476 0.26811846499227004 0.3727672573014243 0.5213302685199059 0.7007138095233744 0.1330520256404165
250 10.0 0.25149108605428927 0.33555085093951886 0.4666054317488886 0.654486379930963 0.8784491219292707 0.16880773837185872
300 10.0 0.3601039012403557 0.4803081712699939 0.6678919728488452 0.9315067564024123 1.253646057540266 0.24977246287276225
350 10.0 0.4455334648997688 0.594339870671461 0.8265054204171104 1.1527575600554434 1.5513461469439045 0.30834025746211086
400 10.0 0.5749837696777491 0.767013090800922 1.0665507250045538 1.4874492840581155 2.001802781933253 0.39239028555696953
450       
500 10.0 0.9184301622592171 1.2252255428371284 1.7038537202513133 2.376221664616356 3.186975156803441 0.6676735936262034
10       
50 50.0 5.823792242170254 7.769199896171628 10.802295535637032 15.153047477493145 20.336657648218853 3.5178937129865133
100 50.0 0.5959307676644268 0.7947355935654653 1.1052774384035837 1.5459372836489513 2.0775346161677866 0.36423365913255956
150 50.0 0.16927807480538082 0.22574364145384704 0.31388212048706216 0.43784539180564863 0.5892110704683438 0.11281250815691463
200 50.0 0.2194369810682523 0.2928026283727757 0.40708584808701836 0.5693262225610395 0.7652246001462812 0.1453013794441911
250 50.0 0.2635494476152942 0.3516396656415165 0.48897798216660926 0.6858673466673235 0.9205685357477145 0.17690164251581708
300 50.0 0.3677598793080153 0.49051974857391867 0.6820916698754089 0.9513110275372968 1.2802991615140826 0.2550827427421904
350 50.0 0.4661224249174959 0.6218054614704568 0.86469982868503 1.2060287084291208 1.6230368420531232 0.322589254973827
400 50.0 0.5967320416629971 0.7960247085102934 1.1068920989297037 1.543710787947327 2.0775192693511677 0.40723211432623174
450       
500 50.0 0.9565289864861102 1.2760510214777965 1.7745339157236728 2.47479339629997 3.3191790099694254 0.695370396202819
10       
50 100.0 17.73259469267171 23.656076164183176 32.89140829868029 46.13881095062287 61.92214496736589 10.711471287142142
100 100.0 11.694511869897607 15.595846592728709 21.68990229116561 30.337386311844764 40.76942246851478 7.14770084255917
150 100.0 5.0025453620789015 6.6712290287569385 9.275918029474965 12.93930969266519 17.412503723507992 3.3338616954008664
200 100.0 0.9241750939135135 1.2331599498735701 1.7144721917663723 2.39775954190293 3.222800064339004 0.6119475183256898
250 100.0 0.3473448333560577 0.46344328234723414 0.6444482326457585 0.9039384502155106 1.2132627388727035 0.2331474115998245
300 100.0 0.42187941215417873 0.562704620111806 0.7824682596256984 1.0913059299138055 1.4687079478527472 0.29262071153938796
350 100.0 0.5013912004174832 0.66885386775374 0.930126640403363 1.297281893194164 1.7458426092734234 0.3469977095003258
400 100.0 0.6294577392095374 0.8396799206180299 1.1675957540330542 1.6283702478364044 2.1914536025343216 0.4295653461190785
450       
500 100.0 0.9657261593645833 1.2883204477179744 1.7915963314290033 2.4985889142882844 3.3510934251106033 0.7020564891898636
10       
50 250.0 149.66362326255577 199.65798194044257 277.60445808999134 389.4129279766392 522.6247335273025 90.4051342226324
100 250.0 80.09835786400681 106.81948211896365 148.55904847342174 207.7876231601995 279.23899920934196 48.956220350322354
150 250.0 23.764272754844285 31.691248109648686 44.064657119353875 61.46736561887193 82.71698862880979 15.837297400039885
200 250.0 9.529316415013685 12.715308419431794 17.678195514769747 24.72368008226107 33.230804160025166 6.3098882126481595
250 250.0 7.2240672649727795 9.638679271052423 13.403214714449106 18.800084356107817 25.23340149043463 4.848992765425434
300 250.0 6.6588613234835226 8.881618593984948 12.350324478433826 17.224957273182927 23.181796190318416 4.618667520584671
350 250.0 5.402630310431355 7.207087352483975 10.022374496797553 13.978574956059745 18.811942032986405 3.7389972967928955
400 250.0 4.498392292751839 6.000735947785754 8.344172156160663 11.637076989175409 15.661127636532326 3.0698700196171327
450       
500 250.0 2.5825601054716443 3.445246832216884 4.791115126986155 6.681765827137103 8.961546816846392 1.8774505207171668
10       
50 500.0 126516.30908779612 168778.42727827653 234669.52528771572 329185.4445635506 441794.4112436167 76422.87187160362
100 500.0 121519.07125423044 162058.30687556867 225382.36835707512 315239.4088705523 423639.94402347377 74272.6141675613
150 500.0 101851.84775638563 135826.2552770861 188857.73592389378 263444.4078968601 354518.6599901664 67877.44023568518
200 500.0 106973.41013258878 142738.45502403573 198450.4215041158 277541.0380181852 373039.60616161407 70833.01994243095
250 500.0 100977.84267817221 134729.23262728762 187349.82070000208 262787.13788451615 352711.8937957266 67779.10706740487
300 500.0 113600.30549888595 151520.5883689211 210696.779164412 293858.11077608936 395481.90017800406 78794.55898650824
350 500.0 128451.65847148128 171354.00165877523 238289.60190932182 332351.28687352774 447268.2775537794 88897.51402499467
400 500.0 160457.3079582096 214045.79087092867 297635.98063128087 415093.6433877007 558631.221246965 109502.0280741343
450       
500 500.0 436796.8719994394 582705.9112351162 810337.0358826785 1130108.9978671472 1515695.843663692 317539.3722862499
10       
50 1000.0 234581830.1461906 312942676.2889415 435115497.11214435 610363395.8339516 819158749.4539334 141700443.82363272
100 1000.0 234904851.84514517 313270025.6343941 435679859.1446077 609379794.2346461 818925599.5737813 143574150.5189889
150 1000.0 197629994.16089663 263552823.32739055 366453373.8960985 511178912.7174979 687896412.7520489 131707164.99440275
200 1000.0 216866746.8232786 289373072.70354265 402317709.2696512 562657785.2417493 756261632.9070421 143599484.98924863
250 1000.0 204605143.90397552 272993493.4105819 379615329.54193425 532469289.6672263 714678248.9374593 137336603.62905627
300 1000.0 244526802.51058558 326150927.3735029 453528795.38565934 632535131.8758844 851282257.3552523 169606775.96409753
350 1000.0 283025971.8283846 377555521.0672884 525039123.35205966 732291408.8857673 985495558.6328311 195873728.68087676
400 1000.0 385878587.0353536 514751795.3102544 715775137.439007 998245269.3243487 1343434145.0172873 263337883.50579563
450       
500 1000.0 1171428909.0856044 1562736808.9686348 2173212059.8540516 3030796316.0529156 4064887004.6185274 851596758.8464935
