ma sintheta expm2 expm1 exp expp1 expp2 obs
10       
50 0.1 1.9745784481680522 2.634176158175096 3.662558530326654 5.137697178904707 6.895219511639131 1.1927549644216835
100 0.1 2.6024943729942445 3.470696635413591 4.826866592769358 6.751275987085719 9.072819262995356 1.5906479406369043
150 0.1 3.0023564937157587 4.003843312922977 5.567088495004834 7.76573077666774 10.450388720592972 2.00086967450854
200 0.1 4.182573039570751 5.580957108439769 7.759249533559573 10.85162809665073 14.58554417859334 2.769513275826046
250 0.1 5.404346564023471 7.210725106728735 10.026985454595538 14.064399951799937 18.877183952130455 3.627546149502853
300 0.1 7.505641701019743 10.01105799522673 13.920865133434583 19.415385202863963 26.129731156433067 5.206004729876329
350 0.1 9.63783064903846 12.856827764423075 17.879059374999997 24.9365828125 33.558896514423076 6.6700515625
400 0.1 12.462412714345463 16.624527854454204 23.116818276871605 32.23953065662903 43.38782024257633 8.504813425345045
450       
500 0.1 21.532460282284035 28.725232926893234 39.9466002596052 55.710167977707926 74.71816454251835 15.653509354398155
10       
50 0.2 0.5124127884745733 0.6835816281677871 0.9504518958044913 1.333257607578452 1.7893432698919995 0.309525761234374
100 0.2 0.6776800495097548 0.9037567543380903 1.2568984684495048 1.7580076609035522 2.3625290687048675 0.4141989263643226
150 0.2 0.7828439070298977 1.043974740769373 1.451580222845907 2.0248611498579905 2.724867334420113 0.5217130732904224
200 0.2 1.0939061162068888 1.4596381360113975 2.0293466346274163 2.838124339592409 3.814689148095902 0.7243358293279699
250 0.2 1.4171305368056328 1.8908000477394935 2.629281285253922 3.6879741921482 4.949984889115843 0.9512170178636712
300 0.2 1.948272162780611 2.598614001176287 3.613499698181563 5.0397362447055265 6.782608317967436 1.3513453610694233
350 0.2 2.526163692210758 3.3698923210207132 4.686265228006615 6.536106765377649 8.796094163975742 1.7482816098290936
400 0.2 3.2473440278988663 4.331870760680035 6.023573724934613 8.400688513513515 11.305610091543157 2.216108206190061
450       
500 0.2 5.624805936622543 7.50373429602888 10.435030244685118 14.55286016847172 19.518214360208585 4.089079983955074
10       
50 0.3 0.24432444962162894 0.32593976737143665 0.4531866525532456 0.63571292228125 0.8531799350714726 0.1475855266657865
100 0.3 0.32401138439134364 0.432102844606313 0.6009464393946592 0.8405360263918297 1.1295689090591077 0.19803617893399492
150 0.3 0.3780680756575566 0.5041790805720604 0.7010288214365066 0.9778901662593142 1.3159524399376898 0.25195707074305285
200 0.3 0.5271940549635448 0.7034539219613815 0.9780176428170823 1.3677977085169462 1.838440621745053 0.3490843842640815
250 0.3 0.6782911075401691 0.9050068608422975 1.2584713042946216 1.7652009002716595 2.3692459131631782 0.4552876589704731
300 0.3 0.9362481196005603 1.2487718700946988 1.7364782817464322 2.421860596547295 3.259403077761476 0.6493931276144079
350 0.3 1.2020199520311798 1.6034898366062063 2.2298572028181685 3.110063993404288 4.185429755658823 0.8318817118872734
400 0.3 1.5592551544620723 2.080004999169814 2.8922985363406983 4.03370161990555 5.428538109337055 1.064093645040545
450       
500 0.3 2.6707249214360536 3.5628625083325396 4.954676773640606 6.909871516998381 9.26748088753452 1.9415439291496044
10       
50 0.4 0.15364403129760748 0.2049680246766375 0.2849875415103968 0.39976963532931376 0.5365243013935663 0.09280952157358145
100 0.4 0.20479191889181833 0.273111300924722 0.37982916774984166 0.5312621532291001 0.713945853604188 0.1251690867902104
150 0.4 0.23534123335286866 0.3138432845623749 0.4363790493704909 0.6087207374249742 0.8191590091546591 0.15683918214336237
200 0.4 0.32983344442143137 0.44010858598989994 0.6118865051647707 0.8557483249751021 1.1502011392681193 0.21840099252165956
250 0.4 0.4243203833284775 0.5661475638389732 0.7872652616407169 1.1042614510624216 1.4821355062705026 0.28481551922400145
300 0.4 0.5864697148475909 0.7822358915674906 1.0877372156104839 1.517063547282406 2.041703639846743 0.4067825551825857
350 0.4 0.7604784693079165 1.014475254285511 1.4107572752922208 1.9676351471180975 2.6479836783080826 0.5263041847452403
400 0.4 0.9736832598111297 1.2988676306244487 1.8061076528444926 2.518861477632912 3.389872829461164 0.6644776296441527
450       
500 0.4 1.6477839247943595 2.1982149941245592 3.0569365922444183 4.263252690951821 5.717850575793184 1.1978938190364274
10       
50 0.5 0.11409593568739587 0.1522090924324918 0.21163152211813663 0.29686861388033203 0.39842252035129055 0.06892027705343229
100 0.5 0.15112067007701377 0.201535114396537 0.28028468435550036 0.39203056945303244 0.5268370762830958 0.0923651498116813
150 0.5 0.17446016164551842 0.23265430105916013 0.32349095144642026 0.4512490936465371 0.607248509385627 0.11626602223187668
200 0.5 0.24333142427536528 0.32468584031128944 0.4514133339564546 0.63132002608987 0.8485497336760482 0.16112321376829952
250 0.5 0.31620597633317227 0.4218964023554014 0.5866745753233914 0.8229019485730755 1.1044958555656346 0.21224615377797368
300 0.5 0.4340083380380644 0.5788822349354511 0.8049640232350985 1.1226806980566326 1.5109329280991632 0.30103348263013285
350 0.5 0.5557332524776492 0.7413459491302239 1.0309361286298426 1.4378846004574122 1.9350614664910943 0.3846062027860559
400 0.5 0.7180497566147767 0.9578593209311292 1.3319271410670395 1.8575526001253073 2.4998862162031905 0.49002383006409955
450       
500 0.5 1.204125301618651 1.6063552101670173 2.233869769438839 3.1153905285303334 4.178344287493023 0.8753661414280193
10       
50 0.6 0.09649920800085157 0.12873426894457252 0.17899212754053365 0.25108331814949425 0.33697482238931303 0.05829087697810244
100 0.6 0.1281148717557687 0.17085449212234413 0.2376156509431262 0.33234994328850387 0.4466342322979111 0.07830397600007616
150 0.6 0.14921713601112205 0.19899103702113893 0.27668433208509385 0.3859568668654881 0.5193843830183904 0.09944323500110516
200 0.6 0.20538017157668917 0.2740461236777677 0.38100852882472513 0.5328560241007234 0.7162054404305898 0.13599358729463978
250 0.6 0.2673299118644443 0.35668373307011275 0.4959920882363771 0.6957057166855377 0.9337735584475408 0.1794391941638979
300 0.6 0.36674797349589183 0.4891700641399417 0.6802148677445004 0.9486934577259476 1.276776367877021 0.2543808725152399
350 0.6 0.47032421367508825 0.6274106309661714 0.8724945320175372 1.2169002683402494 1.6376674575127936 0.3254971860932299
400 0.6 0.5993810355231927 0.7995583960252646 1.1118057790562015 1.5505635796757453 2.0867417266765904 0.409039886148771
450       
500 0.6 0.9921212112636196 1.3235325880854676 1.8405639167963774 2.5668798924579024 3.442684901655582 0.7212449695769065
10       
50 0.7 0.0937 0.125 0.1738 0.2438 0.3272 0.0566
100 0.7 0.1232 0.1643 0.2285 0.3196 0.4295 0.0753
150 0.7 0.1427 0.1903 0.2646 0.3691 0.4966999999999999 0.0951
200 0.7 0.1995 0.2662 0.3701 0.5176 0.6957 0.1321
250 0.7 0.2558 0.3413 0.47459999999999997 0.6657 0.8935 0.1717
300 0.7 0.3538 0.4719 0.6562 0.9152000000000001 1.2317 0.2454
350 0.7 0.45269999999999994 0.6039 0.8398 1.1713 1.5763 0.3133
400 0.7 0.5728 0.7641 1.0625 1.4818 1.9942 0.3909
450       
500 0.7 0.9391 1.2528 1.7422 2.4297 3.2587 0.6827
10       
50 0.8 0.1063571279379602 0.14188517601115286 0.19727714872590696 0.27673284729215253 0.37139863672679374 0.06424560769785001
100 0.8 0.14202101428842165 0.18939977798366622 0.26340748185798984 0.3684246442092497 0.49511384445517126 0.08680342837595902
150 0.8 0.16319841711949382 0.21763601105704045 0.3026089780645975 0.42212008240227866 0.5680494308567103 0.10876082318194719
200 0.8 0.22621049639077473 0.3018407726276904 0.41965165270288585 0.5869000146960651 0.7888453250078294 0.14978649911389144
250 0.8 0.292014023147936 0.38961839757775824 0.5417898959578202 0.7599442345957036 1.0199942520824112 0.19600784900117516
300 0.8 0.4009213953757895 0.5347507249232196 0.7435970029553225 1.0370923150026077 1.3957458526974562 0.2780839751984702
350 0.8 0.5096804500166848 0.6799116937598322 0.9455039583035387 1.318729205002304 1.774705750742877 0.3527344488407939
400 0.8 0.6456551060648741 0.8612867781846548 1.1976406253385627 1.6702718857662893 2.2478446447530933 0.4406190310069122
450       
500 0.8 1.0354926303352534 1.3813919361984937 1.921025727366711 2.6790932210899423 3.593184788066756 0.7527748043125092
10       
50 0.9 0.16774187751323463 0.22377518344881883 0.31113701506723773 0.4364511177985762 0.5857539201956282 0.10132540306562517
100 0.9 0.2228360374959721 0.2971750077969823 0.4132957351284872 0.5780714089587069 0.7768512833159092 0.13619767551498946
150 0.9 0.25796526058713093 0.3440139389609742 0.4783294180193052 0.6672388064660829 0.8979071123589903 0.1719165822132877
200 0.9 0.3580217699236755 0.4777212789658267 0.6641797345802121 0.9288825469297968 1.248499976621058 0.23706604414495006
250 0.9 0.45575871214971936 0.6080940127314277 0.8455945456851319 1.1860773052309153 1.5919484335644025 0.30591779075882247
300 0.9 0.6271369735864106 0.8364780605862838 1.1631636010949764 1.6222604811370354 2.183280413698084 0.4349898624027846
350 0.9 0.7924179262297106 1.0570823628233317 1.470007895842083 2.0502741705165897 2.7591967685352174 0.548408518417867
400 0.9 0.9913377070996074 1.3224181948233418 1.8388552964269083 2.5645324971721344 3.4513366890678028 0.6765256803513209
450       
500 0.9 1.5685280984340044 2.0924842953020133 2.9099027293064874 4.0581969127516775 5.442830917225951 1.1402770022371362
