ma tanbeta expm2 expm1 exp expp1 expp2 obs
10       
50 1.0 49.37458604444072 65.86791094509168 91.58274337805545 128.4687735073068 172.41584368987196 29.824990075937507
100 1.0 64.1741844582481 85.58294242280977 119.02435997329296 166.47783565629948 223.72412520144124 39.223344883977944
150 1.0 74.0207048049673 98.71156359064665 137.25212677921758 191.45789869315647 257.64599913543975 49.32984601928795
200 1.0 102.64399643886732 136.96156316805255 190.41876231591377 266.30843386845976 357.9419966041102 67.96627533621239
250 1.0 131.49685920364072 175.44909322205854 243.97345339346322 342.21055188375146 459.31369702288106 88.26431088844843
300 1.0 181.42455136051112 241.98486655462182 336.49177671782763 469.3039836210848 631.6015260337523 125.83828406972705
350 1.0 296.1581385445792 395.0737792513174 549.4004964650709 766.2691134907569 1031.2217225266627 204.96210471839333
400 1.0 512.8615216730203 684.1436604580217 951.3187269161734 1326.742672512363 1785.5245225564547 349.9957556249714
450       
500 1.0 994.0668629042453 1326.1281714901909 1844.173451764217 2571.9138076865556 3449.436360500547 722.6594050737176
10       
50 10.0 0.5455750701635846 0.7278215984039282 1.0119631504208217 1.4195432455270216 1.9051458159821226 0.3295576197572987
100 10.0 0.7171910126145835 0.9564487286735069 1.330179759597665 1.8605052567501694 2.50027223959386 0.43834807832693296
150 10.0 0.8200181609303341 1.0935490961810972 1.5205101988939482 2.1210140378373254 2.854260830652396 0.546487225679571
200 10.0 1.142014221583461 1.523830505190563 2.118593801544055 2.962940155847616 3.982452601281272 0.7561908705322063
250 10.0 1.4607452968135277 1.948992845201161 2.7102021808745125 3.8014782802531872 5.102329643091817 0.9804924451246391
300 10.0 2.0164077947564008 2.6894936075340463 3.7398722298449694 5.215987602490272 7.019811986437136 1.3986050673635408
350 10.0 2.611296637505922 3.4834593315436853 4.844194645852602 6.756376742899683 9.09252681621512 1.8071995505425344
400 10.0 3.325837223160931 4.436578600239643 6.169172572640519 8.603745805307032 11.578883712338563 2.269674878724874
450       
500 10.0 5.446642583956858 7.266056681057556 10.10450506843748 14.091904468363301 18.899983162964766 3.9595601022972486
10       
50 20.0 0.1775499985574558 0.2368596565601064 0.32932966648117196 0.4619710741548315 0.6200038370117346 0.10725005249041618
100 20.0 0.23169850373288972 0.30899402729962483 0.4297330203162768 0.6010620275408405 0.8077476246207478 0.1416144263886899
150 20.0 0.26649459998281144 0.3553883838593484 0.49414485743133785 0.6893003283367604 0.9275954296528552 0.1776008161062745
200 20.0 0.3702302490169678 0.49401149016700174 0.6868281461713274 0.9605572776500378 1.2910736052185692 0.24514995436161127
250 20.0 0.47407215345789644 0.6325286394651292 0.8795724942576921 1.2337366401756122 1.6559166110814325 0.31821027657826745
300 20.0 0.6554209151643913 0.8742033065745514 1.2156223983348604 1.6954245945688269 2.2817465834029984 0.4546079496363528
350 20.0 0.8543092430522345 1.1396451333758437 1.5848219622603634 2.210409578942086 2.9747021423088964 0.5912416298835103
400 20.0 1.077404207615478 1.4372286226239295 1.998502043630317 2.7871814854130856 3.7509767297953673 0.7352606577459678
450       
500 20.0 1.7635150896344396 2.352605371413082 3.2716387915675864 4.5626798139546345 6.119440552222072 1.2820272087034732
10       
50 25.0 0.13287858323610435 0.17726598617409867 0.24647062717646678 0.345739579433962 0.46401144540932066 0.08026603853963186
100 25.0 0.17412999942844046 0.23222044566633737 0.3229602667970669 0.45172035566014257 0.6070522301502855 0.10642848179351921
150 25.0 0.2003372587601422 0.26716314185042084 0.37147329129596096 0.5181813749710475 0.6973196666164164 0.1335113756698635
200 25.0 0.2771924456142343 0.3698678146491688 0.5142301960993891 0.7191719791976324 0.9666304983149013 0.18354447150696918
250 25.0 0.3597009571590304 0.4799293849819275 0.6673732379502573 0.9360943204877502 1.2564222252603345 0.24144118195545547
300 25.0 0.4922348546305496 0.6565450195029858 0.9129579186222914 1.2732994317633666 1.7136395433817073 0.3414201055012348
350 25.0 0.6369565008800813 0.8496974395438062 1.18161270032934 1.6480387662488165 2.217880566240937 0.4408183603395835
400 25.0 0.8060327943937845 1.0752263585829098 1.4951289176735267 2.085159557843418 2.806198670705456 0.5500667236880767
450       
500 25.0 1.3255139283809214 1.768292886248129 2.4590675817540637 3.4294550013705933 4.599565795351835 0.9636123510868437
10       
50 30.0 0.10871676256898642 0.14503303437698295 0.20165393099775708 0.2828724302488675 0.37963847078519053 0.06567095796589786
100 30.0 0.14243415762810518 0.18995074755111752 0.2641737420293996 0.3694964024183637 0.49655414530252573 0.08705594212172338
150 30.0 0.16489382355505344 0.21989694900158843 0.30575266792338573 0.4265053277797493 0.5739506808675195 0.10989069810851847
200 30.0 0.22858434429516744 0.30500828296427857 0.4240554677876766 0.5930589303617978 0.797123450256381 0.1513583552951961
250 30.0 0.29533287783074036 0.3940465645177157 0.5479475520659476 0.7685813009066609 1.0315868895299707 0.1982355556041365
300 30.0 0.4034699619649713 0.5381500142771904 0.7483238808406281 1.0436848761739452 1.4046182932511453 0.2798516921034595
350 30.0 0.5218569952881643 0.6961551567362987 0.9680925660326934 1.3502343684140201 1.817104443721523 0.36116146813293987
400 30.0 0.6614101797167796 0.8823036283547335 1.226865076726743 1.7110293371234708 2.3026958456550317 0.4513708785811612
450       
500 30.0 1.0870231214777155 1.4501358391942092 2.016624089275344 2.8124162264448995 3.771996854391898 0.7902360611573169
10       
50 35.0 0.0937 0.125 0.17379999999999998 0.2438 0.3272 0.0566
100 35.0 0.1232 0.1643 0.2285 0.3196 0.4295 0.0753
150 35.0 0.1427 0.1903 0.2646 0.3691 0.4967 0.0951
200 35.0 0.19949999999999998 0.2662 0.37010000000000004 0.5176 0.6957 0.1321
250 35.0 0.2558 0.3413 0.4746000000000001 0.6657 0.8935 0.1717
300 35.0 0.35379999999999995 0.4719 0.6562 0.9152 1.2317 0.24539999999999998
350 35.0 0.4527 0.6039 0.8398 1.1713 1.5763 0.3133
400 35.0 0.5728 0.7641 1.0625 1.4818 1.9942000000000002 0.39089999999999997
450       
500 35.0 0.9391 1.2528 1.7422 2.4297 3.2586999999999997 0.6827
10       
50 40.0 0.08459520520920925 0.11285379563661853 0.1569119174531544 0.22011004300966075 0.2954060954584126 0.05110019866426086
100 40.0 0.1108088248487732 0.14777508054101815 0.20551799089240808 0.2874553605654863 0.38630186909535785 0.06772649765513493
150 40.0 0.1293821126379974 0.17253970592159007 0.23990544501761818 0.3346526823734046 0.4503440458815228 0.08622451935440473
200 40.0 0.18078490182221868 0.2412277737597725 0.33538091310477763 0.46904393575529013 0.6304363719183836 0.11970769689581497
250 40.0 0.2306387439835578 0.3077287072775147 0.42791691905628043 0.600219749295756 0.8056126573467899 0.154811072486227
300 40.0 0.3204211499939652 0.42737914268556304 0.5942915732788016 0.8288565191477587 1.1154966943119473 0.22224802207043265
350 40.0 0.4093828181550172 0.5461150516541085 0.7594426566966721 1.059222652761148 1.425469706776571 0.28332148647662225
400 40.0 0.5236453710140238 0.6985290293153205 0.9713219390754194 1.354639858185371 1.8230684337921896 0.3573550550443119
450       
500 40.0 0.8507426438299659 1.1349274669259728 1.5782811565121568 2.201096157718739 2.952097810082749 0.6184666201072491
10       
50 45.0 0.0778197229090731 0.10381499854465462 0.14434437397648778 0.20248077316149435 0.2717461401904879 0.047007431341019604
100 45.0 0.10315623709739426 0.13756955970050222 0.19132467675937162 0.26760335532733115 0.3596234077380749 0.06304922608306646
150 45.0 0.11970584953689176 0.15963576150574982 0.22196333417982872 0.30962459049801505 0.4166635982128531 0.07977593756803368
200 45.0 0.16681059098220183 0.22258134997224124 0.30945664021309727 0.43278777890921133 0.5817049029890617 0.11045453167292661
250 45.0 0.2146064286237994 0.28633766258523347 0.39817127062101326 0.5584968707383239 0.7496123689420044 0.1440497411833712
300 45.0 0.2970349532309019 0.3961865303269152 0.5509167221880097 0.7683617557855326 1.034081265953934 0.2060270704433672
350 45.0 0.38409305925913245 0.5123786138426996 0.7125278355772463 0.9937888233051069 1.3374108445110902 0.26581920800946807
400 45.0 0.4817445848478168 0.6426344924619708 0.8935991993729144 1.2462449822407384 1.6771910808371444 0.32876040191517386
450       
500 45.0 0.79042449426413 1.054460447677672 1.466380102126469 2.045037156547286 2.7427923538052603 0.5746169760772244
10       
50 50.0 0.07332391823662887 0.0978173935920876 0.1360053040504386 0.19078304446200764 0.2560468094666485 0.04429171581849726
100 50.0 0.09782128436308395 0.13045484594849588 0.18142989835198606 0.2537636565133249 0.3410246885872123 0.059788496043345955
150 50.0 0.1136506509279095 0.1515607489248856 0.21073554474789669 0.29396254560260265 0.3955870940146647 0.07574055293093339
200 50.0 0.15817534059161292 0.21105902589216724 0.2934370604158193 0.410383740803102 0.551591902002933 0.10473665409600033
250 50.0 0.20255904887074738 0.27026350031112617 0.375819095363787 0.5271444833200021 0.7075313141751868 0.1359632083311467
300 50.0 0.28086137737895467 0.37461414354191264 0.5209192646581968 0.7265243995964368 0.9777754621754055 0.19480888074843264
350 50.0 0.3620572710112142 0.4829829599374249 0.671649428308411 0.9367742026406787 1.260682297978743 0.25056890436892737
400 50.0 0.45796399729878356 0.6109118197206713 0.8494880361905683 1.1847259972020558 1.5943990981376297 0.31253164550295826
450       
500 50.0 0.7471822538428693 0.9967734294690092 1.3861579412682854 1.933158047238866 2.592740720474665 0.543181050685259
