ma mA expm2 expm1 exp expp1 expp2 obs
10.0       
50.0 200.0 0.08415958387138933 0.11227265724571682 0.15610390263444468 0.21897659069204606 0.29388490760638836 0.050837059200860575
100.0 200.0 0.09680977042600064 0.12910588702103817 0.17955383557095086 0.2511396317219951 0.33749834738609796 0.05917025741134617
150.0 200.0 0.08951733112111555 0.11937735187349889 0.16598658594707205 0.2315406231030396 0.31158555268295796 0.059657310368732244
200.0 200.0 8935.428830548928 11922.86293078759 16576.45218138425 23182.84693078759 31159.78865871122 5916.642348448689
250.0 200.0 0.11169507121959851 0.1490286466272438 0.20723409226278908 0.2906779081739121 0.3901467792600127 0.07497280581862807
300.0 200.0 0.1260017152395273 0.16806164336216203 0.2336979240819045 0.32593773258116276 0.43865549084376987 0.08739632820740531
350.0 200.0 0.14899796954576147 0.19876269893679113 0.2764048924774254 0.38551208687640914 0.51881046917381 0.10311699549080422
400.0 200.0 0.1522055167552429 0.20303812037828403 0.2823295418164204 0.3937467435892439 0.5299026562732286 0.10387069919627173
450.0       
500.0 200.0 0.14272234247973062 0.1903977751662299 0.2647757055352856 0.3692604360802912 0.4952500238938326 0.10375523715356415
10.0       
50.0 400.0 0.09256430411092506 0.12348493077764816 0.17169344775324202 0.24084500898872496 0.3232341548035718 0.05591397665611909
100.0 400.0 0.12063500475071831 0.16087931234206992 0.22374268332418126 0.31294600258384386 0.4205579102307914 0.07373227157247636
150.0 400.0 0.12587217361620984 0.16785896733822517 0.23339717686649705 0.3255740664452912 0.43812690003623994 0.08388537989419452
200.0 400.0 0.17698343166679353 0.2361553358882227 0.3283286619542871 0.45918107383825724 0.6171798165944272 0.11719053294828784
250.0 400.0 0.20637848512646292 0.2753595659642759 0.38290550836989556 0.537084275014411 0.720872464661824 0.13852691906260234
300.0 400.0 0.2682067551750419 0.35773535264867795 0.4974484814750212 0.6937897748337997 0.9337203514672106 0.18603148027121336
350.0 400.0 0.3420895983075267 0.4563461639450307 0.634607564962803 0.8851105511323305 1.1911549233756447 0.23674988104649464
400.0 400.0 31420.904496551724 41914.652803448276 58283.364224137935 81284.03680689655 109391.70346896551 21442.792541379313
450.0       
500.0 400.0 0.4672999309910445 0.6233983106650841 0.8669257158690211 1.2090284765508899 1.6215422054312818 0.33971426140729005
10.0       
50.0 600.0 0.0937 0.125 0.1738 0.2438 0.3272 0.0566
100.0 600.0 0.12320000000000002 0.1643 0.2285 0.31959999999999994 0.4295 0.0753
150.0 600.0 0.1427 0.1903 0.2646 0.3691 0.49670000000000003 0.0951
200.0 600.0 0.1995 0.2662 0.3701 0.5176 0.6957 0.1321
250.0 600.0 0.2558 0.3413 0.4746 0.6657 0.8935 0.1717
300.0 600.0 0.3538 0.47189999999999993 0.6562 0.9152 1.2317 0.2454
350.0 600.0 0.4527 0.6039 0.8398 1.1713 1.5763 0.3133
400.0 600.0 0.5728 0.7641 1.0625 1.4817999999999998 1.9942 0.3909
450.0       
500.0 600.0 0.9391 1.2528 1.7422 2.4297 3.2587 0.6827
10.0       
50.0 800.0 0.09400336927998193 0.125404708217692 0.17436270630587897 0.24458934290778644 0.32825936423063057 0.056783251880970935
100.0 800.0 0.12236548203452759 0.16318708358987727 0.2269522130267009 0.3174351303428166 0.4265907023849804 0.0747899415357137
150.0 800.0 0.14309584363451885 0.19082788397791828 0.26533398896772037 0.3701238674527043 0.4980778243396322 0.09536380329111944
200.0 800.0 0.2073753765796405 0.27670839722055285 0.38470990913345837 0.5380325559780547 0.7231631553205808 0.13731472303844866
250.0 800.0 0.26247989880554173 0.35021262495047445 0.4869935886360832 0.6830839274231786 0.9168326410584499 0.17618373191912237
300.0 800.0 0.3799314157486194 0.5067541975459962 0.7046664641442737 0.9827960194831442 1.3226724838258181 0.2635250690353623
350.0 800.0 0.5039336616849439 0.6722455009753427 0.9348431391274925 1.3038601677304502 1.7546954515440185 0.3487572701698541
400.0 800.0 0.6737455201503644 0.8987586451586826 1.2497461856839422 1.7429401392437323 2.34564126446204 0.4597889731612735
450.0       
500.0 800.0 1.2075191908439933 1.610882805121238 2.2401660465215687 3.1241714173076884 4.1901211662265165 0.8778334060155406
10.0       
50.0 1200.0 0.09607910477824295 0.12817383241494523 0.17821289658973988 0.24999024274210918 0.33550782372936067 0.058037111317487206
100.0 1200.0 0.1292721988799622 0.17239790808423527 0.23976215457850128 0.3353522302113304 0.4506689076212967 0.07901133584140546
150.0 1200.0 0.14094770241192678 0.1879631938962135 0.2613508203097115 0.36456760308508884 0.49060072731607596 0.09393221092764008
200.0 1200.0 0.20716710730905655 0.27643049606852554 0.3843235409277284 0.5374922042264042 0.722436874961958 0.13717681641867854
250.0 1200.0 0.274900654996399 0.366784963058135 0.5100385100128653 0.7154079985578685 0.9602178860018858 0.18452088531228183
300.0 1200.0 0.3927372617683066 0.5238346914314975 0.7284177251903978 1.0159218258065408 1.3672540568683527 0.2724073601976892
350.0 1200.0 0.519239678435968 0.6926636664622953 0.9632372033367039 1.34346241518014 1.8079909545363737 0.35935010217360014
400.0 1200.0 0.7380580563902092 0.9845498618850538 1.369041000200065 1.909312897973135 2.5695450000931475 0.503678237155958
450.0       
500.0 1200.0 1.3622917560644232 1.817356098389425 2.527297090209177 3.5246089657222113 4.72718575815902 0.9903488253276346
10.0       
50.0 2400.0 0.09652366534117211 0.12876689613283365 0.17903749238309194 0.25114695421747874 0.3370602273173054 0.05830565056894708
100.0 2400.0 0.1278041093780702 0.17044005820468291 0.2370392775396838 0.3315437772502535 0.4455508520931912 0.07811403763123935
150.0 2400.0 0.14159959744242576 0.18883253954655657 0.262559589931786 0.36625375904694707 0.49286979712440704 0.09436665533829496
200.0 2400.0 0.20650709271886272 0.27554981494617165 0.3830991228834641 0.5357798054700919 0.7201352601729963 0.1367397842013121
250.0 2400.0 0.27314108716278046 0.3644372675866182 0.5067738857210929 0.7108288574052498 0.9540717802187031 0.1833398149564089
300.0 2400.0 0.40299067319543935 0.5375107368030746 0.7474349342873016 1.0424450653150539 1.4029497235014772 0.27951925156065804
350.0 2400.0 0.5225034649628961 0.6970175447119351 0.9692918265426114 1.3519070212304845 1.8193554491296957 0.3616088702736368
400.0 2400.0 0.7331509831735276 0.9780039564296307 1.3599387563231025 1.8966185874066568 2.5524610521030877 0.5003294680910124
450.0       
500.0 2400.0 1.3682646626528479 1.8253242140043526 2.5383779099923243 3.540062454315434 4.747911890306502 0.9946909649591089
10.0       
50.0 1400.0 0.09346554767753754 0.12468723009276618 0.17336512472098212 0.24318997357293115 0.3263812934908248 0.05645837778600453
100.0 1400.0 0.1305941229648168 0.17416083119415093 0.24221393747938827 0.33878150730158635 0.4552774010827013 0.07981929755885311
150.0 1400.0 0.141372753847798 0.18853002843192684 0.2621389675411868 0.3656670178361755 0.49208021609110913 0.09421547926366917
200.0 1400.0 0.20354583165249693 0.27159849817491066 0.3776055754114742 0.528096854452794 0.7098086971460756 0.13477896922954807
250.0 1400.0 0.2701926502408216 0.36050332887878184 0.5013034863342217 0.7031557750794172 0.9437729983978657 0.18136074294897991
300.0 1400.0 0.39466190039259985 0.5264017829148329 0.7319873912878011 1.020900427471191 1.37395438867599 0.2737423130478915
350.0 1400.0 0.5248693596242727 0.7001736387830756 0.9736807780262077 1.3580284535628686 1.8275934870239476 0.36324623452680505
400.0 1400.0 0.7148105909227834 0.9535383598535244 1.3259187375269856 1.8491730684870467 2.488609078942414 0.4878133030581635
450.0       
500.0 1400.0 1.393785827910534 1.859370551811646 2.5857242779104803 3.606092456686427 4.8364709588031705 1.0132441536732206
10.0       
50.0 1600.0 0.0947169737400528 0.12635668855396587 0.17568633976543416 0.246446085355655 0.330751267958861 0.057214308577235744
100.0 1600.0 0.12464303838115981 0.16622444160734218 0.23117641452999202 0.32334346644982687 0.4345307222784751 0.0761819869326407
150.0 1600.0 0.14461935205814802 0.19285958441952047 0.268158938714688 0.3740644908525749 0.5033807439893633 0.09637911969677561
200.0 1600.0 0.21322703034258644 0.28451646855737595 0.3955655334826629 0.553214591004124 0.7435691479164781 0.14118942710905097
250.0 1600.0 0.27084501665902905 0.36137374583943155 0.5025138581171821 0.7048535089519766 0.946051690323856 0.1817986292429839
300.0 1600.0 0.3985262450493975 0.5315560628570115 0.7391546693086903 1.030896606752992 1.3874075071434226 0.27642266968660867
350.0 1600.0 0.5188979233061007 0.6922077664779197 0.9626032162413592 1.3425781700208435 1.8068009642310727 0.35911358376806135
400.0 1600.0 0.7304785358462735 0.9744389826119721 1.3549815718168046 1.8897051229347208 2.543156941663126 0.49850569075123663
450.0       
500.0 1600.0 1.3613683667878433 1.8161242571736875 2.5255840364367805 3.5222199135176475 4.7239815747540685 0.9896775465936116
10.0       
50.0 1800.0 0.09021957289181007 0.12035695423133681 0.16734430916325072 0.2347442035327993 0.3150463633959472 0.054497628875949305
100.0 1800.0 0.12543025464910887 0.16727427628935537 0.23263647067630985 0.32538562813194144 0.43727511665415786 0.07666313453796994
150.0 1800.0 0.1453150598779817 0.19378735735655167 0.2694489477485212 0.3758639705743732 0.5058023142354137 0.0968427623994118
200.0 1800.0 0.21503601102305586 0.2869302563124685 0.39892144200317275 0.5579079664437779 0.7498774579886713 0.14238725341426403
250.0 1800.0 0.2801019075566692 0.3737247109034057 0.5196886838404816 0.7289438618470472 0.9783856700620949 0.18801210917701366
300.0 1800.0 0.3953508213822192 0.5273206687684263 0.733265146950289 1.022682509126645 1.3763527605892578 0.27422015705821534
350.0 1800.0 0.5277389308795498 0.7040016354277892 0.9790040957646253 1.3654530809348724 1.8375853252605132 0.36523217814129216
400.0 1800.0 0.7287673426166823 0.9721562962524564 1.3518074398223203 1.8852783664270247 2.537199431994043 0.4973379089191011
450.0       
500.0 1800.0 1.3692659643138825 1.82665999370933 2.5402355053004433 3.5426530864587797 4.751386431593706 0.9954188838644313
10.0       
50.0 2000.0 0.09204716760234315 0.12279504749512159 0.17073423403721708 0.23949946063448513 0.32142831632323027 0.05560159750579106
100.0 2000.0 0.12571542839531002 0.16765458510835582 0.23316538464552225 0.32612541327224903 0.4382692897385199 0.07683743310200361
150.0 2000.0 0.1446080298741378 0.19284448552942132 0.2681379446720173 0.3740352055118729 0.503341334537381 0.09637157421885428
200.0 2000.0 0.20545555558604264 0.2741467112631807 0.3811483765533553 0.533051606873863 0.7164683209083201 0.13604350322263775
250.0 2000.0 0.2682736377758305 0.35794289512467137 0.49774303552935556 0.6981616914283438 0.9370699583764837 0.1800726489683741
300.0 2000.0 0.3948974686732741 0.5267159849262805 0.7324243045319458 1.0215097889479379 1.3747744832246231 0.2739057060837237
350.0 2000.0 0.5223751974651796 0.6968464363799911 0.9690538785757848 1.3515751464346473 1.818908822099321 0.3615201002117092
400.0 2000.0 0.7546894288158751 1.0067356713655904 1.3998909185001176 1.9523372828550343 2.6274470302804085 0.515028103568655
450.0       
500.0 2000.0 1.3582513881013316 1.8119660728499074 2.519801478383708 3.514155465519971 4.713165582372281 0.9874115883897125
10.0       
50.0 2200.0 0.09086155584352201 0.12121338826510407 0.1685350950438007 0.23641459247225896 0.31728816512273644 0.054885422206439126
100.0 2200.0 0.12440402307979335 0.16590568987021143 0.23073311098809077 0.3227234235089444 0.4336974668244419 0.07603590047003603
150.0 2200.0 0.14802573121163348 0.19740221898790367 0.2744751820504431 0.38287524450044796 0.5152374260183488 0.09864924343536333
200.0 2200.0 0.21306660990876816 0.2843024138231282 0.3952679314648376 0.5527983823998917 0.7430097268848621 0.1410832038543773
250.0 2200.0 0.2765928513862439 0.36904276848367873 0.5131781363092702 0.7198118106638879 0.9661286658076969 0.18565673410093067
300.0 2200.0 0.39345091422179657 0.5247865642206495 0.7297413507980297 1.017767882124896 1.3697385275494258 0.27290235825333203
350.0 2200.0 0.5425186689765202 0.7237177472827935 1.006421864825451 1.4036936535723399 1.889048327607 0.3754607885803928
400.0 2200.0 0.7260441570790149 0.9685236390085114 1.3467561398331938 1.878233645181013 2.527718676757981 0.4954795059395722
450.0       
500.0 2200.0 1.3854995411582198 1.8483162870439969 2.5703517203767974 3.584653641946679 4.807717340828763 1.0072202499720122
